  -9.2366452e+00
  -9.4520452e+00
  -8.0905452e+00
  -7.0955452e+00
  -3.2790452e+00
  -6.7114521e-01
  -4.5337452e+00
  -1.2952245e+01
  -1.4650845e+01
  -4.6934452e+00
  -5.1004452e+00
   1.8391548e+00
   2.0345555e+01
   9.0965548e+00
   3.0594548e+00
   9.0135479e-01
  -5.6890452e+00
   8.6056548e+00
   3.3992755e+01
   1.6300055e+01
  -1.6024945e+01
  -1.5751445e+01
  -1.5015745e+01
  -7.0560452e+00
  -1.1305145e+01
  -1.3704045e+01
  -1.3457845e+01
  -7.4438452e+00
   2.0828548e+00
   1.3231548e+00
  -2.6435452e+00
  -4.1855452e+00
  -2.6459452e+00
  -3.5564521e-01
  -2.8988452e+00
  -1.9331452e+00
  -1.7625452e+00
   7.0285479e-01
   1.7426548e+00
   1.4075548e+00
   2.3820548e+00
   3.5079548e+00
   4.5513548e+00
   5.5719548e+00
   4.2439548e+00
   2.0823548e+00
   2.3326548e+00
   1.3592548e+00
   2.4410548e+00
   2.9015548e+00
   2.0301548e+00
   2.0588548e+00
   3.3089548e+00
   3.8599548e+00
   4.7802548e+00
   3.6846548e+00
   2.4740548e+00
   5.8325548e+00
   1.1193555e+01
   1.3726755e+01
   2.6090055e+01
   3.1393355e+01
   2.7893355e+01
   5.5254548e+00
  -2.0679452e+00
  -2.7754521e-01
   3.6120548e+00
   3.2947548e+00
   2.8579548e+00
   1.4463548e+00
   2.4168548e+00
   1.2051548e+00
  -3.4864521e-01
  -3.0771452e+00
   2.7649548e+00
   2.4774548e+00
   2.7655548e+00
   3.0184548e+00
   3.6093548e+00
   5.2280548e+00
   6.1057548e+00
   8.3684548e+00
   6.4472548e+00
   8.4032548e+00
   9.1634548e+00
   8.8500548e+00
   7.9333548e+00
   5.5263548e+00
   4.1876548e+00
   4.6793548e+00
   4.8636548e+00
   5.8482548e+00
   6.1032548e+00
   7.1706548e+00
   6.1436548e+00
   7.0705548e+00
   9.0236548e+00
   1.2087855e+01
   1.1649655e+01
   7.3474548e+00
   3.5868548e+00
   4.4528548e+00
   5.2339548e+00
   5.7048548e+00
   5.2031548e+00
   3.4794548e+00
   3.4339548e+00
   3.2816548e+00
   3.5588548e+00
   3.2361548e+00
   3.1055548e+00
   2.2896548e+00
   1.9348548e+00
   1.6564548e+00
   2.6399548e+00
   3.8663548e+00
   4.5870548e+00
   1.9283548e+00
   2.1200548e+00
   2.2009548e+00
   2.0213548e+00
   2.9303548e+00
   2.1876548e+00
   7.5765479e-01
  -2.7734521e-01
  -1.1137452e+00
  -1.0194521e-01
   1.2944548e+00
   3.9115479e-01
   5.7795479e-01
   4.5965479e-01
   1.6603548e+00
   2.6493548e+00
   4.3969548e+00
   2.7928548e+00
   3.9337548e+00
   4.1107548e+00
   5.4739548e+00
   6.2198548e+00
   5.7159548e+00
   5.0241548e+00
   5.6685548e+00
   7.2321548e+00
   7.2822548e+00
   8.3473548e+00
   7.9444548e+00
   7.0029548e+00
   6.2109548e+00
   6.7167548e+00
   6.9492548e+00
   7.4543548e+00
   7.2140548e+00
   5.6645548e+00
   5.0425548e+00
   5.1471548e+00
   5.1102548e+00
   6.3541548e+00
   5.4490548e+00
   4.2934548e+00
   2.8547548e+00
   2.6348548e+00
   2.7760548e+00
   2.4086548e+00
   3.2447548e+00
   1.0451548e+00
  -3.6452105e-03
  -1.7164521e-01
   2.2127548e+00
   9.3213548e+00
   1.4073255e+01
   1.3455055e+01
   1.2181755e+01
   1.1103755e+01
   1.0082755e+01
   1.0415055e+01
   4.9646548e+00
   1.9000355e+01
   2.0881455e+01
   2.6929155e+01
   8.6194548e+00
   5.5025479e-01
  -2.5041452e+00
  -6.0006452e+00
  -9.7936452e+00
  -1.0202945e+01
  -8.2338452e+00
  -6.3794452e+00
  -7.0435452e+00
  -8.8969452e+00
  -8.2881452e+00
  -7.9441452e+00
  -1.1419645e+01
  -8.1863452e+00
  -4.6420452e+00
   1.4235548e+00
   2.2188548e+00
   2.9911548e+00
   5.0215479e-01
  -1.6910452e+00
  -3.1952452e+00
  -3.7182452e+00
  -4.3667452e+00
  -3.7610452e+00
  -6.3830452e+00
  -5.6427452e+00
  -6.0168452e+00
  -3.6791452e+00
  -2.9624452e+00
  -1.5733452e+00
  -1.9239452e+00
  -3.1662452e+00
  -3.2447452e+00
  -2.8227452e+00
  -1.9144452e+00
  -1.2443452e+00
  -1.6520452e+00
  -3.3757452e+00
  -3.9470452e+00
  -4.2913452e+00
  -3.8320452e+00
  -3.1494452e+00
  -3.8283452e+00
  -5.9891452e+00
  -5.4830452e+00
  -5.7607452e+00
  -4.2930452e+00
  -4.1858452e+00
  -2.7096452e+00
  -5.3790452e+00
  -5.0232452e+00
  -4.8379452e+00
  -3.9064452e+00
  -3.1704452e+00
  -2.1038452e+00
  -4.4792452e+00
  -3.7300452e+00
  -4.6387452e+00
  -3.6868452e+00
  -2.5629452e+00
  -4.2031452e+00
  -4.3869452e+00
  -4.2647452e+00
  -3.5432452e+00
  -2.4599452e+00
  -3.3607452e+00
  -4.9947452e+00
  -3.9485452e+00
  -4.1721452e+00
  -3.2692452e+00
  -2.4719452e+00
  -2.9265452e+00
  -4.7880452e+00
  -3.8838452e+00
  -3.7305452e+00
  -2.8161452e+00
  -2.5226452e+00
  -2.6622452e+00
  -3.6729452e+00
  -3.6331452e+00
  -3.4603452e+00
  -3.5347452e+00
  -2.4846452e+00
  -3.2757452e+00
  -4.9763452e+00
  -4.9162452e+00
  -4.9915452e+00
  -5.1776452e+00
  -3.9924452e+00
  -3.2121452e+00
  -4.3868452e+00
  -6.3876452e+00
  -7.6963452e+00
  -7.0205452e+00
  -7.5576452e+00
  -7.4243452e+00
  -7.3501452e+00
  -1.0986345e+01
  -1.1619645e+01
  -1.2208445e+01
  -1.1933645e+01
  -1.0929245e+01
  -9.6190452e+00
  -1.2230445e+01
  -1.2863945e+01
  -1.2674945e+01
  -1.1595745e+01
  -1.1481245e+01
  -9.6835452e+00
  -1.1887245e+01
  -1.1690545e+01
  -1.0826945e+01
  -1.0236045e+01
  -9.0755452e+00
  -8.5271452e+00
  -9.8455452e+00
  -9.5639452e+00
  -8.5882452e+00
  -7.7980452e+00
  -6.4959452e+00
  -7.0316452e+00
  -7.4272452e+00
  -7.5874452e+00
  -5.7650452e+00
  -5.3924452e+00
  -4.2398452e+00
  -6.0519452e+00
  -5.7909452e+00
  -6.1484452e+00
  -5.2828452e+00
  -4.6163452e+00
  -3.7279452e+00
  -5.2419452e+00
  -5.1803452e+00
  -5.4002452e+00
  -5.1317452e+00
  -3.9866452e+00
  -4.9185452e+00
  -5.3075452e+00
  -6.1013452e+00
  -5.5207452e+00
  -6.1633452e+00
  -4.9929452e+00
  -6.8487452e+00
  -8.1825452e+00
  -8.7819452e+00
  -7.9038452e+00
  -7.5733452e+00
  -7.2789452e+00
  -9.8189452e+00
  -9.6235452e+00
  -9.7867452e+00
  -9.3861452e+00
  -9.1005452e+00
  -9.8291452e+00
  -1.0467845e+01
  -1.0204245e+01
  -9.2942452e+00
  -7.1900452e+00
  -6.0817452e+00
  -9.3443452e+00
  -9.8037452e+00
  -9.2204452e+00
  -8.9214452e+00
  -7.9159452e+00
  -6.9000452e+00
  -8.7299452e+00
  -8.9650452e+00
  -1.1582245e+01
  -9.7323452e+00
  -7.8950452e+00
  -6.2457452e+00
  -7.1603452e+00
  -5.6924452e+00
  -5.6975452e+00
  -4.7855452e+00
  -3.7114452e+00
  -4.6713452e+00
  -5.4102452e+00
  -4.2711452e+00
  -4.3865452e+00
  -3.3850452e+00
  -2.6702452e+00
  -4.1934452e+00
  -5.1273452e+00
  -5.1260452e+00
  -4.5093452e+00
  -3.9131452e+00
  -4.7518452e+00
  -5.9532452e+00
  -6.4426452e+00
  -6.6871452e+00
  -5.8661452e+00
  -5.3835452e+00
  -7.3590452e+00
  -8.0747452e+00
  -7.7217452e+00
  -7.3514452e+00
  -6.5776452e+00
  -7.5817452e+00
  -8.4677452e+00
  -8.6740452e+00
  -7.9084452e+00
  -8.2251452e+00
  -7.0231452e+00
  -8.8065452e+00
  -8.6498452e+00
  -9.2446452e+00
  -8.4787452e+00
  -7.7320452e+00
  -8.2947452e+00
  -9.1417452e+00
  -9.6968452e+00
  -8.9193452e+00
  -9.0435452e+00
  -8.2682452e+00
  -1.0594145e+01
  -1.0291645e+01
  -1.0668045e+01
  -9.9296452e+00
  -9.6314452e+00
  -9.6507452e+00
  -1.1335745e+01
  -1.1540345e+01
  -1.1379445e+01
  -1.0221045e+01
  -1.0812545e+01
  -1.1857245e+01
  -1.2168445e+01
  -1.1997445e+01
  -1.1604345e+01
  -1.0222545e+01
  -1.1179945e+01
  -1.1033145e+01
  -1.1030345e+01
  -9.9691452e+00
  -9.1388452e+00
  -7.9147452e+00
  -9.6429452e+00
  -9.3730452e+00
  -8.8200452e+00
  -7.5539452e+00
  -6.5315452e+00
  -5.9237452e+00
  -6.8650452e+00
  -7.0121452e+00
  -6.4175452e+00
  -5.5469452e+00
  -4.3092452e+00
  -3.7970452e+00
  -4.3629452e+00
  -4.3838452e+00
  -4.1915452e+00
  -3.8079452e+00
  -2.4588452e+00
  -2.3790452e+00
  -4.0260452e+00
  -4.4284452e+00
  -4.1398452e+00
  -4.3246452e+00
  -3.5379452e+00
  -4.4093452e+00
  -5.5764452e+00
  -6.2968452e+00
  -6.6302452e+00
  -6.4883452e+00
  -6.0897452e+00
  -6.9485452e+00
  -8.5154452e+00
  -9.1583452e+00
  -9.1729452e+00
  -8.6164452e+00
  -9.4462452e+00
  -1.1212245e+01
  -1.2664145e+01
  -1.2676745e+01
  -1.3074045e+01
  -1.2173745e+01
  -1.2668545e+01
  -1.4151945e+01
  -1.4538345e+01
  -1.3219245e+01
  -1.4139445e+01
  -1.2955145e+01
  -1.4132045e+01
  -1.5191845e+01
  -1.7179545e+01
  -1.7097445e+01
  -1.5138045e+01
  -1.5963745e+01
  -1.8252945e+01
  -3.3704452e+00
   2.2658455e+01
   2.2542455e+01
   1.3918255e+01
   9.4832548e+00
  -1.1138245e+01
  -2.9145445e+01
  -9.3231452e+00
  -1.4544945e+01
  -1.9016545e+01
  -1.7371145e+01
  -1.7624945e+01
  -1.6120145e+01
  -1.4831445e+01
  -1.6361845e+01
  -1.6901945e+01
  -1.4663045e+01
  -1.2025545e+01
  -1.1882545e+01
  -1.2050545e+01
  -9.2146452e+00
   1.5870055e+01
   1.5522055e+01
  -7.8026452e+00
  -1.9554645e+01
  -1.8219045e+01
  -1.3725145e+01
  -1.2926045e+01
  -1.3832445e+01
  -1.6101745e+01
  -1.6139645e+01
  -1.5882145e+01
  -1.5354945e+01
  -1.5127745e+01
  -1.6740945e+01
  -1.6997845e+01
  -1.6089645e+01
  -1.5513345e+01
  -1.4167245e+01
  -1.2653645e+01
  -1.3418645e+01
  -1.4201345e+01
  -1.3193845e+01
  -1.2176645e+01
  -1.0351245e+01
  -8.0246452e+00
  -9.0952452e+00
  -8.8319452e+00
  -8.6126452e+00
  -7.5196452e+00
  -6.0749452e+00
  -5.6878452e+00
  -8.4049452e+00
  -7.3461452e+00
   3.0766548e+00
   8.6965479e-01
  -1.6503452e+00
  -3.0063452e+00
  -6.0688452e+00
  -5.6541452e+00
  -6.9664452e+00
  -6.4407452e+00
  -6.2431452e+00
  -8.7893452e+00
  -1.0732945e+01
  -9.8501452e+00
  -8.7119452e+00
  -8.3838452e+00
  -8.3284452e+00
  -1.0259345e+01
  -9.9879452e+00
  -9.6410452e+00
  -8.3906452e+00
  -7.4971452e+00
  -9.5476452e+00
  -1.0420945e+01
  -1.0115245e+01
  -9.5602452e+00
  -8.2650452e+00
  -8.1831452e+00
  -9.1715452e+00
  -9.8543452e+00
  -9.0226452e+00
  -9.3912452e+00
  -8.0383452e+00
  -8.6124452e+00
  -8.6629452e+00
  -8.4133452e+00
  -7.1427452e+00
  -6.3542452e+00
  -5.5093452e+00
  -6.3179452e+00
  -6.6758452e+00
  -6.5623452e+00
  -6.2638452e+00
  -5.0195452e+00
  -4.3261452e+00
  -3.8244452e+00
  -6.2368452e+00
  -5.7513452e+00
  -6.0233452e+00
  -5.6043452e+00
  -4.8499452e+00
  -4.1552452e+00
  -4.7654452e+00
  -6.2472452e+00
  -6.9476452e+00
  -6.4414452e+00
  -5.9912452e+00
  -5.4651452e+00
  -5.2460452e+00
  -6.4352452e+00
  -8.3404452e+00
  -8.6989452e+00
  -8.4222452e+00
  -8.4637452e+00
  -7.8188452e+00
  -1.0029145e+01
  -1.0861645e+01
  -1.1250745e+01
  -1.0367545e+01
  -9.8594452e+00
  -8.9739452e+00
  -1.1041345e+01
  -1.0654545e+01
  -1.0680845e+01
  -9.7160452e+00
  -9.2304452e+00
  -8.0361452e+00
  -9.8351452e+00
  -9.0930452e+00
  -8.9864452e+00
  -7.2247452e+00
  -5.6307452e+00
  -3.4508452e+00
  -3.6213452e+00
  -1.4190452e+00
  -1.3534521e-01
  -9.6134521e-01
  -2.1414521e-01
  -3.9514521e-01
  -2.3174452e+00
  -3.2936452e+00
  -3.1557452e+00
  -2.6289452e+00
  -9.5104521e-01
  -2.2312452e+00
  -2.0566452e+00
  -1.6455452e+00
  -3.9184521e-01
   1.2465548e+00
   1.3481548e+00
  -7.2704521e-01
  -7.1524521e-01
  -1.8587452e+00
  -1.2758452e+00
  -8.3284521e-01
  -2.4434521e-01
  -1.9467452e+00
  -2.4887452e+00
  -3.3034452e+00
  -3.7332452e+00
  -3.2601452e+00
  -2.4312452e+00
  -4.6603452e+00
  -5.6223452e+00
  -5.8373452e+00
  -4.9182452e+00
  -4.2846452e+00
  -4.6593452e+00
  -7.0418452e+00
  -6.8415452e+00
  -6.8726452e+00
  -6.8927452e+00
  -5.4530452e+00
  -5.4469452e+00
  -7.5218452e+00
  -8.0179452e+00
  -7.5785452e+00
  -7.2942452e+00
  -5.5170452e+00
  -5.7357452e+00
  -6.3276452e+00
  -6.4057452e+00
  -5.8827452e+00
  -4.5570452e+00
  -3.4996452e+00
  -4.0579452e+00
  -4.5533452e+00
  -5.0005452e+00
  -4.5143452e+00
  -3.4883452e+00
  -2.5387452e+00
  -3.2735452e+00
  -4.0569452e+00
  -4.1498452e+00
  -3.5392452e+00
  -2.8796452e+00
  -1.7242452e+00
  -2.6689452e+00
  -3.3447452e+00
  -2.9952452e+00
  -2.0285452e+00
  -1.3069452e+00
  -9.9104521e-01
  -2.2223452e+00
  -2.8248452e+00
  -2.2124452e+00
  -1.9173452e+00
  -1.4101452e+00
  -1.0359452e+00
  -2.5026452e+00
  -3.4621452e+00
  -3.4622452e+00
  -3.0641452e+00
  -2.9796452e+00
  -2.7125452e+00
  -4.7079452e+00
  -4.4703452e+00
  -4.8211452e+00
  -4.5852452e+00
  -4.2881452e+00
  -3.3521452e+00
  -5.5690452e+00
  -5.2270452e+00
  -4.9495452e+00
  -4.2767452e+00
  -3.7931452e+00
  -3.6138452e+00
  -5.6881452e+00
  -4.5826452e+00
  -5.1301452e+00
  -4.1948452e+00
  -3.1904452e+00
  -3.2235452e+00
  -4.4479452e+00
  -4.2558452e+00
  -3.5388452e+00
  -3.3233452e+00
  -2.7547452e+00
  -2.0117452e+00
  -3.1813452e+00
  -2.9496452e+00
  -2.3947452e+00
  -1.9917452e+00
  -1.3237452e+00
  -9.0314521e-01
  -2.5047452e+00
  -8.8345211e-02
   4.1197548e+00
   2.3516548e+00
   3.6377548e+00
   4.1982548e+00
   3.3112548e+00
   1.3165479e-01
  -1.2893452e+00
  -1.7955452e+00
  -7.0434521e-01
  -1.8143452e+00
  -2.4373452e+00
  -2.6148452e+00
  -2.1275452e+00
  -1.2660452e+00
  -7.4364521e-01
  -1.8615452e+00
  -2.2645452e+00
  -2.3712452e+00
  -1.5230452e+00
  -7.7754521e-01
  -3.5714521e-01
  -1.4679452e+00
  -1.7068452e+00
  -1.0238452e+00
  -4.0074521e-01
   6.3625479e-01
  -1.2845211e-02
  -2.3854521e-01
  -4.8434521e-01
   1.2454789e-02
   2.6145479e-01
   1.0775548e+00
  -1.9834521e-01
  -6.9574521e-01
  -1.2973452e+00
  -1.7154521e-01
   1.2555479e-01
   5.2285479e-01
  -1.6469452e+00
  -1.9219452e+00
  -1.5184452e+00
  -2.6674521e-01
   2.4616548e+00
   3.1700548e+00
   8.4975479e-01
   2.4155479e-01
  -2.8714521e-01
   1.0685479e-01
   5.1965479e-01
   8.2085479e-01
  -3.4644521e-01
  -1.2192452e+00
  -1.4369452e+00
  -9.9334521e-01
  -6.7034521e-01
  -1.5274521e-01
  -6.4674521e-01
  -2.4559452e+00
  -2.1414452e+00
  -1.1849452e+00
  -2.4520452e+00
  -6.0794521e-01
  -1.0705452e+00
  -2.3412452e+00
  -4.3854521e-01
  -2.1164521e-01
  -8.3144521e-01
   6.0715479e-01
  -1.8491452e+00
  -2.3058452e+00
  -2.8410452e+00
  -1.8936452e+00
  -2.2083452e+00
  -1.0585452e+00
  -2.4663452e+00
  -1.8814452e+00
  -1.5537452e+00
   7.1295479e-01
   4.4025479e-01
   7.3654789e-02
  -1.0464521e-01
   8.3825479e-01
   1.4627548e+00
   2.0713548e+00
   1.1832548e+00
   1.5722548e+00
   2.3675548e+00
   5.0167548e+00
   5.1154548e+00
   3.6762548e+00
   3.6871548e+00
   3.6082548e+00
   4.2259548e+00
   4.6718548e+00
   3.4013548e+00
   3.2679548e+00
   3.5809548e+00
   3.8293548e+00
   5.1108548e+00
   3.6971548e+00
   2.9519548e+00
   2.2389548e+00
   3.0304548e+00
   2.6770548e+00
   1.4727548e+00
  -3.7845211e-02
  -2.4434521e-01
  -9.5945211e-02
   5.3305479e-01
   5.6825479e-01
  -2.0904521e-01
  -1.7764452e+00
  -1.5669452e+00
  -1.2694452e+00
  -7.5754521e-01
   1.8095479e-01
  -1.0034452e+00
  -1.8907452e+00
  -1.6576452e+00
  -1.0350452e+00
  -6.8045211e-02
  -4.7864521e-01
  -7.0184521e-01
  -6.6324521e-01
  -8.3974521e-01
   9.9215479e-01
   7.6615479e-01
   1.9405479e-01
  -3.8074521e-01
   5.2075479e-01
   5.3765479e-01
   1.4574548e+00
   1.2500548e+00
  -1.8034521e-01
  -3.1954521e-01
  -2.3504521e-01
  -6.3234521e-01
   5.2355479e-01
  -1.5214521e-01
  -6.4464521e-01
  -6.7654521e-01
  -4.7445211e-02
   6.9545479e-01
   2.1895479e-01
  -1.1121452e+00
  -1.5652452e+00
  -1.3012452e+00
  -2.2218452e+00
  -6.6294521e-01
  -1.5697452e+00
  -2.3163452e+00
  -2.7546452e+00
  -1.1745452e+00
  -7.2324521e-01
  -1.0531452e+00
  -2.4057452e+00
  -1.6792452e+00
  -4.8154521e-01
   4.0206548e+00
   5.3787548e+00
   4.5343548e+00
   5.6247548e+00
   5.8499548e+00
   4.5058548e+00
   3.9288548e+00
   1.6680548e+00
  -2.1184521e-01
  -1.9084521e-01
   6.3375479e-01
   1.7646548e+00
  -1.2044521e-01
   1.7925479e-01
   9.8955479e-01
   1.8485548e+00
   2.4859548e+00
   2.4966548e+00
   1.7766548e+00
   2.3767548e+00
   2.4110548e+00
   3.1314548e+00
   3.7185548e+00
   3.3697548e+00
   1.5636548e+00
   1.6651548e+00
   1.8398548e+00
   2.7176548e+00
   2.5921548e+00
   1.0253548e+00
  -1.2284521e-01
   2.4325479e-01
   7.7915479e-01
  -1.1688452e+00
  -2.5496452e+00
  -4.4018452e+00
  -3.6056452e+00
  -1.7516452e+00
   1.0203548e+00
  -2.3294521e-01
  -8.1514521e-01
  -1.5330452e+00
  -6.9174521e-01
  -1.1439452e+00
   2.2335479e-01
   9.3905479e-01
   1.5355479e-01
  -1.6814521e-01
  -3.0994521e-01
   5.8005479e-01
   2.3226548e+00
   1.6545548e+00
   9.8965479e-01
   1.7059548e+00
   2.5846548e+00
   3.6055548e+00
   4.3382548e+00
   3.0733548e+00
   2.6635548e+00
   3.3918548e+00
   3.8324548e+00
   5.0781548e+00
   4.3932548e+00
   3.3503548e+00
   3.2607548e+00
   3.5896548e+00
   3.6269548e+00
   4.8692548e+00
   3.0989548e+00
   2.6347548e+00
   1.8590548e+00
   2.0160548e+00
   2.4111548e+00
   3.4187548e+00
   1.0389548e+00
   4.3395479e-01
  -4.0654521e-01
   1.5145479e-01
   3.9735479e-01
   7.7085479e-01
  -1.7840452e+00
  -1.8704452e+00
  -2.1146452e+00
   6.1720548e+00
   5.5298548e+00
  -6.8014452e+00
  -1.4877745e+01
  -1.9621745e+01
  -5.9378452e+00
   2.4534555e+01
   4.1857455e+01
   3.9558455e+01
   1.7675255e+01
   1.5675479e-01
  -7.6409452e+00
  -1.1799645e+01
  -1.4860945e+01
  -1.4743545e+01
  -1.1873445e+01
  -4.9014521e-01
  -1.3892545e+01
  -1.6353845e+01
  -1.4560745e+01
  -1.0708845e+01
  -1.6800445e+01
  -1.7450245e+01
  -1.4574645e+01
  -1.4125245e+01
  -1.2895845e+01
  -4.6630452e+00
  -3.5713452e+00
  -1.8652452e+00
  -5.1901452e+00
  -3.8998452e+00
  -5.1091452e+00
  -4.5400452e+00
  -6.1268452e+00
  -5.6373452e+00
  -5.3085452e+00
  -4.4452452e+00
  -4.7314452e+00
  -1.2301452e+00
  -5.6358452e+00
  -9.6015452e+00
  -9.6331452e+00
   4.0734355e+01
   5.6116455e+01
   4.2682755e+01
   1.5046255e+01
   1.2357548e+00
  -9.7888452e+00
  -1.2550845e+01
  -1.0713245e+01
  -8.9445452e+00
  -7.6050452e+00
  -4.8801452e+00
  -4.9746452e+00
  -6.5628452e+00
  -6.0316452e+00
  -8.7343452e+00
  -1.3164452e+00
  -2.8553452e+00
  -3.4858452e+00
  -5.0508452e+00
  -4.5669452e+00
  -4.9681452e+00
  -3.9107452e+00
  -5.4245452e+00
  -5.4856452e+00
  -5.6480452e+00
  -4.2716452e+00
  -3.8542452e+00
  -5.3140452e+00
  -5.1868452e+00
  -5.2032452e+00
  -4.4555452e+00
  -3.2538452e+00
  -5.0930452e+00
  -5.1774452e+00
  -4.7506452e+00
  -3.6255452e+00
  -4.7255452e+00
  -6.1209452e+00
  -5.8035452e+00
  -4.5832452e+00
  -3.3090452e+00
  -3.0988452e+00
  -3.1116452e+00
  -3.5960452e+00
  -1.3472452e+00
  -3.1614521e-01
  -9.3774521e-01
  -4.7624521e-01
   2.5805479e-01
   5.9925479e-01
   1.4789548e+00
   5.7345479e-01
   4.8405479e-01
   7.4095479e-01
   1.2920548e+00
   1.6887548e+00
   1.0519548e+00
   3.6165479e-01
   6.8705479e-01
   2.0940548e+00
   2.0179548e+00
   1.2434548e+00
   1.1505479e-01
   4.4755479e-01
   3.6495479e-01
   1.1293548e+00
   5.1105479e-01
  -5.9604521e-01
  -1.0814452e+00
  -8.3864521e-01
  -1.0271452e+00
  -2.5504521e-01
  -2.7185452e+00
  -3.0627452e+00
  -3.8155452e+00
  -3.3388452e+00
  -3.5532452e+00
  -3.2500452e+00
  -4.8597452e+00
  -5.2819452e+00
  -5.2529452e+00
  -4.6540452e+00
  -3.8285452e+00
  -5.6438452e+00
  -5.9374452e+00
  -5.8813452e+00
  -5.0532452e+00
  -4.7395452e+00
  -3.9813452e+00
  -6.1337452e+00
  -5.8566452e+00
  -5.2035452e+00
  -4.5347452e+00
  -3.6886452e+00
  -4.4642452e+00
  -5.3056452e+00
  -5.0674452e+00
  -4.3953452e+00
  -3.2191452e+00
  -3.2135452e+00
  -4.0456452e+00
  -3.6790452e+00
  -3.4813452e+00
  -2.6778452e+00
  -2.4804452e+00
  -3.5553452e+00
  -3.7962452e+00
  -3.1656452e+00
  -2.4896452e+00
  -2.0331452e+00
  -4.0496452e+00
  -3.6606452e+00
  -4.0545452e+00
  -2.8061452e+00
  -3.1381452e+00
  -4.6071452e+00
  -4.1894452e+00
  -3.5905452e+00
  -4.0187452e+00
  -3.7804452e+00
  -4.3754452e+00
  -4.0376452e+00
  -3.3788452e+00
  -3.0202452e+00
  -4.4916452e+00
  -4.4260452e+00
  -5.0408452e+00
  -3.9323452e+00
  -3.2772452e+00
  -3.8965452e+00
  -4.5575452e+00
  -4.0399452e+00
  -3.6356452e+00
  -3.0045452e+00
  -2.3236452e+00
  -4.1994452e+00
  -3.6647452e+00
  -3.4955452e+00
  -3.2964452e+00
  -2.3606452e+00
  -3.8908452e+00
  -4.4821452e+00
  -4.1073452e+00
  -3.5356452e+00
  -2.8402452e+00
  -2.6041452e+00
  -4.4255452e+00
  -5.0837452e+00
  -5.2690452e+00
  -5.1154452e+00
  -3.6518452e+00
  -4.9987452e+00
  -6.3006452e+00
  -6.6399452e+00
  -6.3522452e+00
  -5.4897452e+00
  -5.5730452e+00
  -5.9587452e+00
  -6.0694452e+00
  -5.2880452e+00
  -5.0504452e+00
  -5.8786452e+00
  -6.1518452e+00
  -5.5394452e+00
  -4.9001452e+00
  -3.4143452e+00
  -4.2660452e+00
  -3.7512452e+00
  -3.8788452e+00
  -2.4508452e+00
  -1.5050452e+00
  -7.8734521e-01
  -1.1733452e+00
   6.6015479e-01
   8.3485479e-01
   2.2753548e+00
   2.6524548e+00
   1.8383548e+00
   2.7780548e+00
   4.0179548e+00
   5.0878548e+00
   5.9599548e+00
   5.1801548e+00
   4.7941548e+00
   5.1790548e+00
   5.2127548e+00
   6.4807548e+00
   6.8098548e+00
   4.9364548e+00
   3.7062548e+00
   4.2371548e+00
   3.1763548e+00
   3.1390548e+00
  -2.7087452e+00
  -5.9054521e-01
  -1.8316452e+00
  -1.6060452e+00
  -8.9004521e-01
  -7.7345211e-02
  -3.6377452e+00
  -4.7982452e+00
  -5.1350452e+00
  -4.8998452e+00
  -4.4835452e+00
  -6.0084452e+00
  -7.4955452e+00
  -7.9351452e+00
  -6.8690452e+00
  -6.8112452e+00
  -5.4996452e+00
  -7.8899452e+00
  -7.5000452e+00
  -8.6854521e-01
   4.0285479e-01
   2.7247548e+00
   2.5856548e+00
   2.9531548e+00
   4.2939548e+00
   5.0597548e+00
   4.6749548e+00
   2.0847548e+00
   2.7697548e+00
   3.0904548e+00
   4.1336548e+00
   4.8088548e+00
   4.2385548e+00
   3.9949548e+00
   4.2772548e+00
   5.0700548e+00
   5.3997548e+00
   4.6819548e+00
   4.5458548e+00
   4.5447548e+00
   4.9696548e+00
   6.0440548e+00
   4.3476548e+00
   4.3723548e+00
   3.4501548e+00
   4.2092548e+00
   3.8082548e+00
   3.5709548e+00
   1.1795548e+00
   7.5375479e-01
   8.1155479e-01
   1.4933548e+00
   1.2793548e+00
  -4.1574521e-01
  -7.4214521e-01
  -3.8054521e-01
   1.9015479e-01
   1.6823548e+00
  -2.3144521e-01
  -3.4504521e-01
   4.0175479e-01
   3.0440548e+00
   3.6917548e+00
   2.6181548e+00
   2.1099548e+00
   2.3490548e+00
   3.4531548e+00
   4.2744548e+00
   5.2542548e+00
   5.1184548e+00
   1.1644055e+01
   9.9193548e+00
   1.3046455e+01
   1.4557455e+01
   1.2860655e+01
   1.5075755e+01
   2.1564155e+01
   2.1828455e+01
   1.9553955e+01
   9.7558548e+00
   6.7412548e+00
   7.0052548e+00
   7.1367548e+00
   8.0829548e+00
   6.7426548e+00
   6.7109548e+00
   7.2564548e+00
   8.0271548e+00
   8.3405548e+00
   7.1974548e+00
   6.0895548e+00
   6.0760548e+00
   7.0250548e+00
   7.7273548e+00
   5.9605548e+00
   6.2011548e+00
   6.0123548e+00
   7.0016548e+00
   7.7720548e+00
   6.4276548e+00
   6.2980548e+00
   7.2492548e+00
   6.8824548e+00
   8.2776548e+00
   6.0004548e+00
   6.2487548e+00
   6.4608548e+00
   6.8491548e+00
   7.7160548e+00
   7.3754548e+00
   6.5437548e+00
   6.9698548e+00
   7.6287548e+00
   8.3631548e+00
   8.2344548e+00
   7.4198548e+00
   7.8911548e+00
   8.9041548e+00
   1.0224055e+01
   9.9617548e+00
   9.3533548e+00
   7.8180548e+00
   7.4275548e+00
   7.9668548e+00
   9.0166548e+00
   8.8162548e+00
   7.9174548e+00
   6.1202548e+00
   6.0045548e+00
   5.7548548e+00
   6.2212548e+00
   6.3645548e+00
   4.2019548e+00
   3.3094548e+00
   3.5232548e+00
   3.9594548e+00
   4.3420548e+00
   5.5396548e+00
   3.8109548e+00
   1.8749548e+00
   1.0978548e+00
   1.8164548e+00
   2.0455548e+00
   1.0774548e+00
  -5.3145211e-02
  -2.5745211e-02
   1.7445479e-01
   1.0254548e+00
   1.6161548e+00
   5.3395479e-01
   6.6575479e-01
   7.0825479e-01
   1.6417548e+00
   3.1836548e+00
   2.1457548e+00
   2.4341548e+00
   1.9009548e+00
   2.7729548e+00
   3.9119548e+00
   4.5114548e+00
   3.0147548e+00
   2.5411548e+00
   3.8799548e+00
   4.5637548e+00
   8.0000548e+00
   1.0729855e+01
   1.5738555e+01
   1.9677255e+01
   3.1676255e+01
   3.2540255e+01
   2.7343055e+01
   2.2138255e+01
   1.1627055e+01
   2.3625548e+00
   3.8970548e+00
  -4.9724521e-01
  -3.0078452e+00
  -2.7975452e+00
   1.4228955e+01
   1.7821155e+01
   1.3762755e+01
   6.3163548e+00
   3.4095548e+00
   2.4522548e+00
   3.2628548e+00
   1.4842755e+01
   1.5167755e+01
  -1.3966452e+00
  -1.1269545e+01
  -1.1789845e+01
  -1.1599545e+01
  -9.8965452e+00
  -1.1013845e+01
  -1.0242845e+01
  -1.0242845e+01
  -8.7478452e+00
  -7.5514452e+00
  -3.6493452e+00
   4.3576455e+01
   4.4303555e+01
   4.1817655e+01
   3.9395755e+01
   3.4656855e+01
   3.3429955e+01
   2.9597255e+01
   2.2576255e+01
   1.3877655e+01
   1.0951855e+01
  -1.3886452e+00
  -7.5618452e+00
  -8.1258452e+00
  -6.4690452e+00
  -3.4310452e+00
  -4.5626452e+00
  -2.4119452e+00
   7.5186548e+00
   3.2220155e+01
   3.8715455e+01
   3.3700355e+01
   2.0568755e+01
   9.1930548e+00
   1.9659548e+00
   1.2627548e+00
  -6.2934521e-01
  -3.7824521e-01
  -8.1914521e-01
  -1.7846452e+00
  -2.4229452e+00
  -2.1063452e+00
  -1.1906452e+00
   1.8395479e-01
   3.3175479e-01
  -4.8994521e-01
  -1.5154521e-01
   2.0395479e-01
   8.9725479e-01
   1.6322548e+00
   3.4385479e-01
  -1.8034521e-01
  -2.6584521e-01
  -1.1854521e-01
   4.6445479e-01
   6.0835479e-01
  -3.7704521e-01
  -1.0067452e+00
  -8.6344521e-01
  -5.2734521e-01
   1.1938548e+00
   2.6845479e-01
   3.5495479e-01
   2.0395479e-01
   1.4936548e+00
   1.3544548e+00
   1.8650548e+00
   1.5448548e+00
  -2.4645211e-02
  -6.2304521e-01
  -1.9254521e-01
   2.7285479e-01
   8.2925479e-01
   4.6845479e-01
  -2.9954521e-01
   1.4454789e-02
  -3.1664521e-01
   1.1041548e+00
   1.2214548e+00
   1.3810548e+00
   9.2345479e-01
   1.1402548e+00
   1.7808548e+00
   2.3302548e+00
   2.7447548e+00
   2.5106548e+00
   2.4692548e+00
   4.2779548e+00
   4.6773548e+00
   5.8474548e+00
   5.1387548e+00
   3.4435548e+00
   3.2634548e+00
   2.8973548e+00
   2.8684548e+00
   3.3760548e+00
   1.2345548e+00
   1.0228548e+00
   1.7330548e+00
   3.4780548e+00
   4.3751548e+00
   1.1247548e+00
   1.1449548e+00
   1.4400548e+00
   2.3943548e+00
   2.6706548e+00
   2.0097548e+00
   5.1215479e-01
   1.0617548e+00
   8.8755479e-01
   2.5123548e+00
   9.2705479e-01
   4.8045479e-01
   3.0815479e-01
   1.0404548e+00
   1.3912548e+00
   1.9058548e+00
   6.4585479e-01
   1.6400548e+00
   1.9930548e+00
   3.5733548e+00
   4.8020548e+00
   4.5545548e+00
   3.8508548e+00
   5.0743548e+00
   6.3454548e+00
   6.8930548e+00
   7.6719548e+00
   6.1506548e+00
   6.6558548e+00
   6.5676548e+00
   7.4171548e+00
   7.1538548e+00
   5.7942548e+00
   5.2209548e+00
   5.5425548e+00
   6.5650548e+00
   7.9092548e+00
   5.3959548e+00
   4.6228548e+00
   5.0790548e+00
   5.7218548e+00
   6.3284548e+00
   5.1863548e+00
   3.8846548e+00
   4.6035548e+00
   3.8460548e+00
   4.1617548e+00
   4.2521548e+00
   2.6684548e+00
   3.2413548e+00
   3.3448548e+00
   4.2029548e+00
   3.1237548e+00
   2.5213548e+00
   2.0066548e+00
   3.2262548e+00
   2.9565548e+00
   3.8505548e+00
   3.0644548e+00
   2.7369548e+00
   2.5185548e+00
   3.4493548e+00
   3.8831548e+00
   4.9494548e+00
   3.4700548e+00
   3.2835548e+00
   1.8188548e+00
   3.2329548e+00
   3.4500548e+00
   1.9258548e+00
   1.7194548e+00
   2.0626548e+00
   2.6977548e+00
   3.3367548e+00
   2.2844548e+00
   2.0596548e+00
   2.6123548e+00
   4.7586548e+00
   5.5402548e+00
   3.4833548e+00
   3.4569548e+00
   3.7080548e+00
   4.9315548e+00
   5.3698548e+00
   4.8584548e+00
   4.2732548e+00
   4.9303548e+00
   5.1214548e+00
   5.5054548e+00
   4.3644548e+00
   4.2858548e+00
   4.7724548e+00
   5.3042548e+00
   6.3904548e+00
   4.8114548e+00
   5.9107548e+00
   6.0344548e+00
   5.8157548e+00
   5.6599548e+00
   6.4782548e+00
   3.8090548e+00
   3.9028548e+00
   3.6770548e+00
   3.9041548e+00
   4.2023548e+00
   5.1291548e+00
   2.1740548e+00
   2.4965548e+00
   1.4210548e+00
   2.2976548e+00
   2.3906548e+00
   2.3081548e+00
   6.5254789e-02
  -1.9445211e-02
  -3.6364521e-01
   8.6615479e-01
   1.3285548e+00
   6.0735479e-01
  -5.9044521e-01
  -5.6664521e-01
  -3.9145211e-02
   7.7315479e-01
   2.2520548e+00
  -6.9414521e-01
  -3.8245211e-02
  -6.0645211e-02
   2.9895479e-01
   1.3423548e+00
  -8.0714521e-01
  -1.9345452e+00
  -1.1487452e+00
  -8.7045211e-02
   1.3900548e+00
   3.5745479e-01
  -1.8744521e-01
   2.4545479e-01
   1.3443548e+00
   2.4572548e+00
   3.3579548e+00
   2.6906548e+00
   3.4992548e+00
   4.3503548e+00
   4.9680548e+00
   5.4216548e+00
   4.4606548e+00
   4.7336548e+00
   5.4700548e+00
   5.4166548e+00
   5.7098548e+00
   4.0215548e+00
   3.6286548e+00
   4.2532548e+00
   3.8354548e+00
   4.6077548e+00
   3.7353548e+00
   2.9486548e+00
   2.5118548e+00
   3.1930548e+00
   3.6743548e+00
   4.3243548e+00
   1.6761548e+00
   1.4667548e+00
   9.0115479e-01
   1.3321548e+00
   2.0724548e+00
   1.1055479e-01
  -6.7024521e-01
  -7.0774521e-01
  -4.8844521e-01
  -1.0444521e-01
   1.2149548e+00
  -4.1445211e-02
  -1.0413452e+00
  -1.7355452e+00
   9.0215479e-01
   2.6338548e+00
   4.9182548e+00
   4.9788548e+00
   7.5792548e+00
   2.5785555e+01
   3.4765855e+01
   4.8630155e+01
   4.5007655e+01
   1.6320655e+01
  -5.6434521e-01
  -8.9154521e-01
   7.3815479e-01
  -1.0598452e+00
  -1.8308452e+00
  -7.9459452e+00
  -6.7229452e+00
  -5.8664521e-01
  -5.4094521e-01
  -8.1347452e+00
  -4.2628452e+00
   3.6956548e+00
   4.9837548e+00
   3.6194548e+00
   4.8685548e+00
   7.6906548e+00
   8.8303548e+00
   8.2916548e+00
   6.4809548e+00
   4.7697548e+00
   3.9290548e+00
   4.3052548e+00
   4.1221548e+00
   5.2980548e+00
   2.1847548e+00
   1.5789548e+00
   8.5615479e-01
   1.1968548e+00
   8.1205479e-01
   1.3995548e+00
  -1.5150452e+00
  -1.9211452e+00
  -1.6379452e+00
  -1.0859452e+00
  -9.2645211e-02
  -1.5341452e+00
  -1.0770452e+00
  -1.3294521e-01
   1.1205548e+00
   1.6750548e+00
   1.0314548e+00
   5.4485479e-01
   1.1021548e+00
   1.9015548e+00
   3.5002548e+00
   2.3468548e+00
   2.7045548e+00
   2.6616548e+00
   2.6220548e+00
   2.4312548e+00
   4.1860548e+00
   4.2774548e+00
   2.9282548e+00
  -1.6178452e+00
  -3.7194521e-01
   4.1355548e+00
   1.4544455e+01
   1.3930655e+01
   1.0901155e+01
   1.0717955e+01
   1.1118855e+01
   9.6032548e+00
   9.1574548e+00
   9.7139548e+00
   1.0024655e+01
   1.0274155e+01
   7.7474548e+00
   7.9406548e+00
   7.6268548e+00
   8.0978548e+00
   7.3881548e+00
   5.9750548e+00
   3.9459548e+00
   3.1562548e+00
   3.3296548e+00
   4.4409548e+00
   2.2124548e+00
   2.6034548e+00
   2.6992548e+00
   2.9944548e+00
   3.3926548e+00
   3.0926548e+00
   2.2266548e+00
   2.0150548e+00
   2.1882548e+00
   2.8256548e+00
   3.5225548e+00
   2.1554548e+00
   1.7319548e+00
   2.0802548e+00
   3.1883548e+00
   3.1671548e+00
   4.8487548e+00
   3.0060548e+00
   3.1951548e+00
   3.5956548e+00
   4.3739548e+00
   5.5927548e+00
   6.7730548e+00
   5.4447548e+00
   5.1114548e+00
   4.6801548e+00
   6.3306548e+00
   7.2310548e+00
   8.2594548e+00
   6.4348548e+00
   9.3631548e+00
   7.4102548e+00
   8.5960548e+00
   8.6997548e+00
   6.6193548e+00
   5.3100548e+00
   5.0175548e+00
   5.4078548e+00
   5.2504548e+00
   5.4631548e+00
   2.8604548e+00
   2.8657548e+00
   2.3621548e+00
   3.4551548e+00
   3.6393548e+00
   3.4030548e+00
   1.7699548e+00
   2.0919548e+00
   2.5702548e+00
   3.1311548e+00
   3.7137548e+00
   1.8531548e+00
   2.3497548e+00
   2.4788548e+00
   3.0107548e+00
   3.9941548e+00
   2.8159548e+00
   2.3544548e+00
   3.1797548e+00
   3.7352548e+00
   4.8692548e+00
   5.4241548e+00
   4.3400548e+00
   4.0842548e+00
   4.3013548e+00
   4.7330548e+00
   5.3157548e+00
   6.2305548e+00
   5.0973548e+00
   4.4060548e+00
   5.1217548e+00
   5.3637548e+00
   6.3322548e+00
   4.8622548e+00
   3.8978548e+00
   3.5939548e+00
   4.4760548e+00
   4.0354548e+00
   5.0665548e+00
   2.9423548e+00
   2.2499548e+00
   1.9344548e+00
   1.7059548e+00
   6.5075479e-01
   1.3880548e+00
   4.8255479e-01
  -1.0537452e+00
  -7.4445211e-02
   9.2615479e-01
   1.7017548e+00
   2.4116548e+00
   1.3974548e+00
   5.3095479e-01
   9.2055479e-01
   1.4632548e+00
   2.5146548e+00
   2.7868548e+00
   9.3335479e-01
   8.8875479e-01
   1.3347548e+00
   1.6453548e+00
   2.9437548e+00
   3.1717548e+00
   1.3564548e+00
   1.3965548e+00
   2.0275548e+00
   2.4132548e+00
   3.6965548e+00
   1.9450548e+00
   1.6065548e+00
   1.9252548e+00
   1.8153548e+00
   2.8448548e+00
   1.9596548e+00
   1.7920548e+00
   1.8615548e+00
   2.2722548e+00
   2.4507548e+00
   4.2292548e+00
   3.1346548e+00
   2.4535548e+00
   2.4866548e+00
   3.6051548e+00
   3.8180548e+00
   5.6595548e+00
   4.1960548e+00
   5.1882548e+00
   4.3677548e+00
   2.3737548e+00
   3.2772548e+00
   3.9493548e+00
   2.0409548e+00
   3.1475548e+00
   4.5022548e+00
   4.9038548e+00
   4.7360455e+01
   5.4423455e+01
   5.7850455e+01
   5.3622355e+01
   4.9948355e+01
   3.6601455e+01
   3.6245055e+01
   3.1266255e+01
   2.6492955e+01
   2.0850255e+01
  -1.7293452e+00
  -6.7982452e+00
  -2.9301452e+00
   6.6796548e+00
   1.6371955e+01
   1.1775155e+01
   4.7229548e+00
   1.8123548e+00
   3.7608548e+00
   1.7890855e+01
   4.4385355e+01
   4.6118455e+01
