   1.1373125e+01
   1.1131225e+01
   1.1427125e+01
   1.1229025e+01
   1.0928825e+01
   1.0262225e+01
   9.7009255e+00
   9.7718255e+00
   8.2832255e+00
   6.2150255e+00
   3.9401255e+00
   1.2608255e+00
   1.6507255e+00
   4.2616255e+00
   5.0863255e+00
   6.6857255e+00
   1.7627625e+01
   2.8587125e+01
   1.4089825e+01
   4.2855255e+00
   5.7915255e+00
   6.1059255e+00
   6.1130255e+00
   6.2946255e+00
   7.4422255e+00
   8.7617255e+00
   9.0934255e+00
   8.4394255e+00
   6.7816255e+00
   5.7061255e+00
   6.2784255e+00
   5.8331255e+00
   5.5377255e+00
   5.8599255e+00
   5.5530255e+00
   6.2007255e+00
   6.0788255e+00
   6.4734255e+00
   6.1012255e+00
   6.5239255e+00
   6.1677255e+00
   6.1939255e+00
   6.3011255e+00
   6.3173255e+00
   5.6778255e+00
   5.8443255e+00
   5.5575255e+00
   5.8464255e+00
   6.0100255e+00
   5.8967255e+00
   5.8549255e+00
   5.8246255e+00
   5.6530255e+00
   5.7747255e+00
   5.1776255e+00
   5.5091255e+00
   5.2368255e+00
   4.2941255e+00
   3.7160255e+00
   6.5031255e+00
   5.6593255e+00
   5.8559255e+00
   6.2105255e+00
   6.8786255e+00
   7.6352255e+00
   7.4391255e+00
   7.5227255e+00
   7.4193255e+00
   7.3146255e+00
   6.7263255e+00
   6.8080255e+00
   6.0865255e+00
   6.2253255e+00
   6.0662255e+00
   6.1840255e+00
   5.8048255e+00
   5.5585255e+00
   5.0563255e+00
   4.9136255e+00
   5.3411255e+00
   5.4738255e+00
   5.3465255e+00
   5.0106255e+00
   5.1237255e+00
   4.9701255e+00
   5.1130255e+00
   4.4156255e+00
   4.7606255e+00
   4.3789255e+00
   4.6428255e+00
   4.2615255e+00
   4.3016255e+00
   4.5658255e+00
   4.5681255e+00
   4.1033255e+00
   3.6605255e+00
   4.1235255e+00
   4.2359255e+00
   4.2143255e+00
   4.7612255e+00
   4.8651255e+00
   5.0004255e+00
   5.0421255e+00
   5.0832255e+00
   4.8747255e+00
   4.4895255e+00
   4.6929255e+00
   4.6821255e+00
   4.4383255e+00
   4.4716255e+00
   4.6920255e+00
   4.5578255e+00
   4.5783255e+00
   4.6834255e+00
   4.1226255e+00
   4.4824255e+00
   4.7037255e+00
   4.7610255e+00
   4.4785255e+00
   4.5732255e+00
   4.4956255e+00
   4.3511255e+00
   4.0448255e+00
   4.1018255e+00
   4.0203255e+00
   4.0424255e+00
   3.8873255e+00
   3.9536255e+00
   3.8492255e+00
   3.9260255e+00
   3.8797255e+00
   3.6383255e+00
   3.3442255e+00
   3.6962255e+00
   3.4159255e+00
   3.2995255e+00
   3.9628255e+00
   3.5758255e+00
   3.5474255e+00
   3.8361255e+00
   3.3802255e+00
   3.2980255e+00
   2.9631255e+00
   3.0115255e+00
   3.2366255e+00
   2.7484255e+00
   2.9503255e+00
   2.7704255e+00
   2.8539255e+00
   3.3884255e+00
   2.9819255e+00
   2.7173255e+00
   2.4588255e+00
   2.8547255e+00
   2.9266255e+00
   2.8485255e+00
   2.7111255e+00
   3.1188255e+00
   3.4369255e+00
   3.2454255e+00
   3.2389255e+00
   3.0054255e+00
   3.2431255e+00
   3.4119255e+00
   2.9109255e+00
   3.1677255e+00
   2.9329255e+00
   2.8514255e+00
   2.3691255e+00
   1.6475255e+00
   2.1586255e+00
   3.3327255e+00
   4.1899255e+00
   4.8277255e+00
   5.1571255e+00
   6.4929255e+00
   6.5654255e+00
   6.6588255e+00
   6.9853255e+00
   6.9045255e+00
   6.9986255e+00
   5.9954255e+00
   6.2427255e+00
   5.4781255e+00
   5.3296255e+00
   4.6062255e+00
   4.6790255e+00
   4.3171255e+00
   4.0372255e+00
   4.4409255e+00
   5.5562255e+00
   5.8498255e+00
   4.6923255e+00
   4.9018255e+00
   4.5444255e+00
   4.3351255e+00
   3.9615255e+00
   3.8758255e+00
   3.8087255e+00
   4.2369255e+00
   3.4625255e+00
   3.9540255e+00
   3.6264255e+00
   3.5333255e+00
   3.8487255e+00
   3.9933255e+00
   3.8309255e+00
   3.8350255e+00
   3.8095255e+00
   3.5528255e+00
   3.8474255e+00
   3.9330255e+00
   3.4485255e+00
   3.6419255e+00
   3.8358255e+00
   3.5114255e+00
   3.6500255e+00
   3.7744255e+00
   4.0526255e+00
   3.8524255e+00
   4.1365255e+00
   3.7252255e+00
   3.7789255e+00
   3.8173255e+00
   3.9939255e+00
   4.0898255e+00
   3.7569255e+00
   3.8818255e+00
   3.9806255e+00
   3.3816255e+00
   3.6768255e+00
   4.0710255e+00
   4.0068255e+00
   3.8009255e+00
   3.5019255e+00
   3.3835255e+00
   3.7133255e+00
   3.4400255e+00
   3.0057255e+00
   3.0545255e+00
   2.6921255e+00
   3.2722255e+00
   3.5397255e+00
   3.0468255e+00
   3.0446255e+00
   2.4344255e+00
   2.2826255e+00
   2.8594255e+00
   2.6508255e+00
   2.7649255e+00
   2.5324255e+00
   2.5378255e+00
   2.2498255e+00
   2.6275255e+00
   2.1594255e+00
   2.6183255e+00
   2.1839255e+00
   2.0540255e+00
   2.2254255e+00
   2.1880255e+00
   2.3417255e+00
   2.8068255e+00
   2.4068255e+00
   2.6343255e+00
   2.4745255e+00
   2.5089255e+00
   2.6239255e+00
   2.6341255e+00
   3.1876255e+00
   3.0432255e+00
   3.0875255e+00
   3.1337255e+00
   3.2125255e+00
   3.5650255e+00
   3.5904255e+00
   3.7525255e+00
   3.7714255e+00
   3.0765255e+00
   3.3334255e+00
   3.8495255e+00
   3.3410255e+00
   3.1946255e+00
   2.9259255e+00
   2.7092255e+00
   2.8498255e+00
   3.4965255e+00
   3.2613255e+00
   3.0588255e+00
   3.1611255e+00
   3.1340255e+00
   3.2622255e+00
   3.2283255e+00
   3.0511255e+00
   3.1126255e+00
   3.0982255e+00
   3.2781255e+00
   3.0398255e+00
   2.9170255e+00
   3.4466255e+00
   3.1757255e+00
   2.4464255e+00
   2.5685255e+00
   2.4980255e+00
   2.8511255e+00
   2.2467255e+00
   2.3923255e+00
   2.2571255e+00
   2.4941255e+00
   2.4366255e+00
   2.7733255e+00
   2.6498255e+00
   2.4035255e+00
   2.2368255e+00
   2.3978255e+00
   2.2012255e+00
   1.9194255e+00
   2.0549255e+00
   2.3476255e+00
   1.4407255e+00
   1.5375255e+00
   1.8383255e+00
   1.7315255e+00
   1.7392255e+00
   1.3240255e+00
   2.0084255e+00
   1.9745255e+00
   1.5920255e+00
   1.9539255e+00
   2.5032255e+00
   2.4029255e+00
   1.6169255e+00
   2.0099255e+00
   2.0845255e+00
   1.7443255e+00
   1.9092255e+00
   2.3407255e+00
   2.5170255e+00
   2.8195255e+00
   2.5238255e+00
   2.6711255e+00
   2.3855255e+00
   2.4904255e+00
   2.7820255e+00
   2.7096255e+00
   2.7444255e+00
   2.9192255e+00
   3.0627255e+00
   3.6829255e+00
   3.4204255e+00
   2.9363255e+00
   3.2474255e+00
   2.6189255e+00
   2.8413255e+00
   3.2406255e+00
   3.0321255e+00
   3.3177255e+00
   2.8374255e+00
   2.8708255e+00
   2.6831255e+00
   2.9730255e+00
   2.5366255e+00
   2.6813255e+00
   2.6589255e+00
   2.6705255e+00
   2.6416255e+00
   2.6142255e+00
   2.7840255e+00
   2.4887255e+00
   2.7704255e+00
   2.2729255e+00
   2.4536255e+00
   2.7466255e+00
   2.4604255e+00
   2.4880255e+00
   2.3400255e+00
   2.1528255e+00
   2.1649255e+00
   2.1805255e+00
   2.0455255e+00
   2.2505255e+00
   1.8485255e+00
   1.9102255e+00
   2.3190255e+00
   2.1258255e+00
   2.2825255e+00
   1.9954255e+00
   1.8955255e+00
   2.1647255e+00
   1.8773255e+00
   1.7996255e+00
   1.9438255e+00
   2.0799255e+00
   2.3670255e+00
   2.4294255e+00
   1.7773255e+00
   1.9514255e+00
   2.2554255e+00
   2.3647255e+00
   2.2810255e+00
   2.6031255e+00
   2.1987255e+00
   2.4788255e+00
   2.1533255e+00
   2.3589255e+00
   2.2309255e+00
   2.5046255e+00
   2.2215255e+00
   2.2135255e+00
   2.4033255e+00
   2.4542255e+00
   2.6313255e+00
   2.1954255e+00
   2.0689255e+00
   2.1994255e+00
   2.3588255e+00
   2.2972255e+00
   2.2191255e+00
   1.9502255e+00
   2.1900255e+00
   2.0996255e+00
   1.8749255e+00
   2.2863255e+00
   1.6788255e+00
   1.3358255e+00
   1.9662255e+00
   1.7596255e+00
   1.8449255e+00
   2.3397255e+00
   2.4160255e+00
   2.0195255e+00
   2.2754255e+00
   2.0198255e+00
   2.2554255e+00
   2.2415255e+00
   2.3049255e+00
   2.4682255e+00
   2.3857255e+00
   2.4957255e+00
   1.8577255e+00
   2.4428255e+00
   2.0510255e+00
   1.8259255e+00
   2.2279255e+00
   2.2526255e+00
   2.4301255e+00
   2.7492255e+00
   1.7227255e+00
   2.1307255e+00
   2.2080255e+00
   2.1356255e+00
   1.7308255e+00
   1.3018255e+00
   1.3025255e+00
   8.9922547e-01
   1.2944255e+00
   1.3737255e+00
   1.3963255e+00
   1.1227255e+00
   1.0630255e+00
   6.0562547e-01
  -5.2745263e-03
   4.7825474e-02
   3.6982547e-01
   4.8725474e-02
   6.8502547e-01
   3.1312547e-01
   7.3782547e-01
   7.2092547e-01
   4.9052547e-01
  -5.5777453e-01
   4.9258255e+00
   1.0271725e+01
   1.3771425e+01
   1.3635525e+01
   1.5969225e+01
   1.6221225e+01
   1.5309825e+01
   1.4525925e+01
   1.3577625e+01
   1.3678525e+01
   1.3949425e+01
   1.3970325e+01
   1.3505725e+01
   1.3280525e+01
   1.3064325e+01
   1.2765625e+01
   1.2670425e+01
   1.2982325e+01
   1.2725425e+01
   1.2752225e+01
   1.2357525e+01
   1.2077125e+01
   1.0963125e+01
   9.7416255e+00
   1.0241625e+01
   1.0203525e+01
   1.0392825e+01
   1.0664725e+01
   1.0596425e+01
   1.0491425e+01
   1.0590825e+01
   1.0757325e+01
   1.0618025e+01
   1.0477425e+01
   1.0593125e+01
   1.0267425e+01
   1.0104725e+01
   1.0260025e+01
   1.0236725e+01
   9.6631255e+00
   9.1376255e+00
   9.0627255e+00
   9.3944255e+00
   9.8320255e+00
   9.8867255e+00
   1.0403325e+01
   1.0368725e+01
   1.0259825e+01
   1.0140125e+01
   1.0676525e+01
   1.0611225e+01
   9.9301255e+00
   1.0446425e+01
   1.0036725e+01
   9.9450255e+00
   1.0035725e+01
   9.6828255e+00
   9.5294255e+00
   9.4660255e+00
   9.4323255e+00
   9.2817255e+00
   9.0697255e+00
   9.0077255e+00
   9.2098255e+00
   8.7962255e+00
   9.0769255e+00
   9.4049255e+00
   9.1869255e+00
   8.7735255e+00
   9.1803255e+00
   8.7558255e+00
   8.9667255e+00
   9.0364255e+00
   8.6395255e+00
   8.5240255e+00
   8.5345255e+00
   8.3050255e+00
   8.3915255e+00
   8.7039255e+00
   7.9024255e+00
   8.0149255e+00
   7.9638255e+00
   7.4645255e+00
   7.7571255e+00
   8.0760255e+00
   7.8664255e+00
   8.0266255e+00
   7.9441255e+00
   8.2778255e+00
   8.2507255e+00
   8.0207255e+00
   8.4232255e+00
   8.1151255e+00
   8.1429255e+00
   8.7381255e+00
   8.8352255e+00
   9.0260255e+00
   8.8434255e+00
   8.4722255e+00
   8.7711255e+00
   8.6432255e+00
   8.3003255e+00
   8.5196255e+00
   8.6215255e+00
   8.5679255e+00
   8.6413255e+00
   9.0622255e+00
   8.5673255e+00
   8.7207255e+00
   9.4518255e+00
   9.1701255e+00
   9.7141255e+00
   9.2998255e+00
   9.5010255e+00
   9.1686255e+00
   9.1614255e+00
   8.6243255e+00
   8.7349255e+00
   8.3735255e+00
   8.3199255e+00
   8.3791255e+00
   8.2176255e+00
   8.4558255e+00
   8.6584255e+00
   8.2072255e+00
   8.3294255e+00
   8.4712255e+00
   8.3496255e+00
   8.6489255e+00
   8.6993255e+00
   8.1929255e+00
   8.0224255e+00
   8.1926255e+00
   7.6959255e+00
   7.1837255e+00
   7.1935255e+00
   7.0313255e+00
   7.1617255e+00
   7.0720255e+00
   6.9722255e+00
   7.0598255e+00
   6.7001255e+00
   6.5466255e+00
   6.6031255e+00
   7.0018255e+00
   6.9473255e+00
   7.2814255e+00
   6.9071255e+00
   7.3261255e+00
   7.4841255e+00
   7.2711255e+00
   7.1743255e+00
   7.3487255e+00
   7.2682255e+00
   7.4368255e+00
   7.1817255e+00
   6.9649255e+00
   6.7429255e+00
   6.5346255e+00
   6.7901255e+00
   6.4549255e+00
   6.4522255e+00
   6.6612255e+00
   6.7594255e+00
   6.8188255e+00
   6.6341255e+00
   6.9969255e+00
   7.2554255e+00
   7.0220255e+00
   6.6094255e+00
   6.9198255e+00
   6.5201255e+00
   6.9063255e+00
   6.5950255e+00
   6.3443255e+00
   5.9949255e+00
   5.9642255e+00
   5.6999255e+00
   5.6333255e+00
   5.6161255e+00
   5.7966255e+00
   5.8895255e+00
   5.6887255e+00
   5.7364255e+00
   5.4427255e+00
   5.3526255e+00
   5.2431255e+00
   5.0459255e+00
   4.9591255e+00
   4.9486255e+00
   5.3096255e+00
   5.2265255e+00
   5.6495255e+00
   5.0959255e+00
   5.2251255e+00
   4.7710255e+00
   4.5952255e+00
   4.2356255e+00
   4.4897255e+00
   4.2812255e+00
   4.4771255e+00
   4.0640255e+00
   4.8306255e+00
   5.0394255e+00
   4.8260255e+00
   4.5711255e+00
   4.9193255e+00
   4.7983255e+00
   4.8219255e+00
   5.3855255e+00
   5.0141255e+00
   4.9474255e+00
   4.7037255e+00
   4.9838255e+00
   5.1095255e+00
   5.1545255e+00
   4.8039255e+00
   4.6200255e+00
   4.5690255e+00
   4.6939255e+00
   4.7389255e+00
   5.2390255e+00
   5.2841255e+00
   5.0553255e+00
   4.9613255e+00
   4.7859255e+00
   5.3004255e+00
   5.4086255e+00
   5.2947255e+00
   5.2762255e+00
   5.3321255e+00
   5.1289255e+00
   4.9422255e+00
   5.1354255e+00
   4.7578255e+00
   4.6190255e+00
   4.2752255e+00
   3.9204255e+00
   4.2428255e+00
   4.6732255e+00
   4.3189255e+00
   4.6455255e+00
   4.4869255e+00
   4.8243255e+00
   4.8842255e+00
   4.7854255e+00
   4.8607255e+00
   4.7132255e+00
   4.5858255e+00
   5.1836255e+00
   4.3122255e+00
   4.5234255e+00
   4.2747255e+00
   3.9563255e+00
   4.1919255e+00
   4.0659255e+00
   4.0366255e+00
   4.2019255e+00
   3.7460255e+00
   4.2295255e+00
   4.2674255e+00
   3.9053255e+00
   4.3032255e+00
   4.3064255e+00
   4.1783255e+00
   4.3877255e+00
   4.1259255e+00
   4.3178255e+00
   4.1227255e+00
   4.0016255e+00
   4.0993255e+00
   3.9098255e+00
   3.5841255e+00
   3.6446255e+00
   3.5385255e+00
   3.2687255e+00
   3.4742255e+00
   3.4927255e+00
   3.5922255e+00
   3.7552255e+00
   3.8303255e+00
   3.8818255e+00
   4.1930255e+00
   3.9843255e+00
   4.3009255e+00
   4.2478255e+00
   4.4427255e+00
   4.3071255e+00
   4.1273255e+00
   4.0692255e+00
   4.0831255e+00
   3.8704255e+00
   4.0568255e+00
   3.9682255e+00
   3.8218255e+00
   4.3824255e+00
   4.3179255e+00
   4.3549255e+00
   4.4072255e+00
   4.7300255e+00
   4.4512255e+00
   4.5650255e+00
   4.5391255e+00
   4.7128255e+00
   4.6869255e+00
   4.1991255e+00
   3.9916255e+00
   3.9215255e+00
   2.8260255e+00
   3.1315255e+00
   2.5728255e+00
   2.7178255e+00
   4.1899255e+00
   3.5121255e+00
   3.8045255e+00
   3.4658255e+00
   3.7289255e+00
   3.4748255e+00
   2.8668255e+00
   3.1898255e+00
   3.4888255e+00
   3.4117255e+00
   3.0633255e+00
   3.1577255e+00
   2.8203255e+00
   2.3916255e+00
   2.2890255e+00
   1.7666255e+00
   2.4106255e+00
   2.1629255e+00
   2.2170255e+00
   2.4466255e+00
   2.1889255e+00
   2.3697255e+00
   2.2695255e+00
   3.1302255e+00
   2.8170255e+00
   2.8349255e+00
   2.5018255e+00
   2.2682255e+00
   2.3626255e+00
   2.2962255e+00
   2.1367255e+00
   2.0077255e+00
   2.1023255e+00
   2.1378255e+00
   2.0806255e+00
   1.2971255e+00
   1.3317255e+00
   2.1193255e+00
   1.5310255e+00
   1.9465255e+00
   1.8508255e+00
   1.9279255e+00
   2.1881255e+00
   2.3054255e+00
   1.9623255e+00
   2.5150255e+00
   2.1851255e+00
   2.2915255e+00
   2.2837255e+00
   2.0070255e+00
   2.4481255e+00
   2.2282255e+00
   1.6221255e+00
   2.3220255e+00
   2.1137255e+00
   2.0005255e+00
   2.2691255e+00
   2.8456255e+00
   2.3944255e+00
   2.6743255e+00
   2.2024255e+00
   2.7852255e+00
   2.7142255e+00
   2.9675255e+00
   2.5700255e+00
   2.6687255e+00
   2.6304255e+00
   2.9669255e+00
   2.4705255e+00
   2.5455255e+00
   2.6236255e+00
   2.3728255e+00
   3.0529255e+00
   2.7584255e+00
   2.3006255e+00
   2.5425255e+00
   2.8088255e+00
   2.8762255e+00
   3.3931255e+00
   2.7014255e+00
   2.8737255e+00
   2.4748255e+00
   2.8808255e+00
   3.1544255e+00
   2.8601255e+00
   2.7075255e+00
   2.2589255e+00
   2.0482255e+00
   2.0355255e+00
   1.7532255e+00
   1.9982255e+00
   1.6576255e+00
   1.9204255e+00
   1.4656255e+00
   1.4567255e+00
   1.3564255e+00
   1.5748255e+00
   1.3889255e+00
   1.4645255e+00
   1.3716255e+00
   1.4894255e+00
   1.6473255e+00
   1.5922255e+00
   1.8559255e+00
   1.9789255e+00
   2.1802255e+00
   2.1784255e+00
   2.0669255e+00
   1.9553255e+00
   2.0095255e+00
   1.7692255e+00
   1.9503255e+00
   1.8592255e+00
   1.4433255e+00
   1.9112255e+00
   2.3267255e+00
   1.9159255e+00
   2.6038255e+00
   2.3720255e+00
   2.5227255e+00
   2.3519255e+00
   2.5901255e+00
   2.4957255e+00
   2.5354255e+00
   2.3496255e+00
   2.3929255e+00
   2.3006255e+00
   4.0990255e+00
   2.9253255e+00
   2.0508255e+00
   1.8474255e+00
   1.1644255e+00
   1.6179255e+00
   1.7324255e+00
   1.3616255e+00
   1.7992255e+00
   1.6879255e+00
   1.7109255e+00
   1.9473255e+00
   1.5290255e+00
   1.5976255e+00
   1.8618255e+00
   1.9897255e+00
   1.9009255e+00
   1.8779255e+00
   1.8001255e+00
   1.5184255e+00
   1.1861255e+00
   1.3663255e+00
   1.2325255e+00
   1.2198255e+00
   1.2204255e+00
   1.0019255e+00
   9.2952547e-01
   1.0036255e+00
   1.2859255e+00
   1.3756255e+00
   1.0406255e+00
   9.2912547e-01
   7.1442547e-01
   1.2988255e+00
   9.6422547e-01
   8.8372547e-01
   8.6062547e-01
   7.0912547e-01
   6.6772547e-01
   2.6182547e-01
   3.7762547e-01
  -1.8374526e-02
  -1.0487453e-01
   2.1254737e-03
   1.9825474e-02
  -8.4874526e-02
   7.2632547e-01
   5.5802547e-01
   1.9492547e-01
   1.4925474e-02
  -8.4707453e-01
  -7.0937453e-01
  -8.4897453e-01
   3.6381255e+00
   1.8856255e+00
   5.8082547e-01
   4.9722547e-01
  -1.8103745e+00
  -2.2550745e+00
  -2.1110745e+00
  -1.9018745e+00
  -1.0019745e+00
  -1.1589745e+00
  -8.4327453e-01
  -3.2847453e-01
  -3.9837453e-01
  -8.1577453e-01
  -1.3047453e-01
  -8.8637453e-01
  -1.4359745e+00
   3.0851255e+00
  -1.7032745e+00
  -2.7067745e+00
  -4.2067745e+00
  -4.6442745e+00
  -4.4195745e+00
   3.2926255e+00
   6.1450255e+00
   5.1035255e+00
   3.7560255e+00
   3.5184255e+00
   3.8475255e+00
   3.9411255e+00
   4.0606255e+00
   3.7551255e+00
   2.8518255e+00
   3.2445255e+00
   3.2285255e+00
   8.7832547e-01
   5.0025474e-02
   9.5852547e-01
   1.8228255e+00
   2.0440255e+00
   7.5402547e-01
  -8.8967453e-01
  -1.0897745e+00
  -5.3758745e+00
  -3.4884745e+00
   9.3582547e-01
   9.1162547e-01
  -4.8877453e-01
  -5.3177453e-01
  -1.6051745e+00
  -1.0053745e+00
  -5.2474526e-02
   1.2152255e+00
   6.6422547e-01
   1.7485255e+00
   1.4201255e+00
   5.7272547e-01
  -5.2074526e-02
  -5.8174526e-02
  -3.6707453e-01
   5.0925474e-02
  -8.5874526e-02
   7.3325474e-02
  -1.2997453e-01
  -3.0257453e-01
  -3.3757453e-01
  -5.1277453e-01
  -4.8707453e-01
  -8.6187453e-01
  -8.0037453e-01
  -4.9207453e-01
  -5.3177453e-01
  -7.5147453e-01
  -4.5267453e-01
   4.8132547e-01
  -1.4580745e+00
  -1.1915745e+00
  -5.1397453e-01
  -1.2248745e+00
  -1.1212745e+00
  -9.1407453e-01
  -1.4760745e+00
  -1.8020745e+00
  -1.4239745e+00
  -1.4066745e+00
  -1.5984745e+00
  -1.5762745e+00
  -1.5173745e+00
  -1.0083745e+00
  -1.2086745e+00
  -1.8163745e+00
  -1.6621745e+00
  -1.2338745e+00
  -1.6114745e+00
  -1.4282745e+00
  -1.4593745e+00
  -1.3660745e+00
  -1.3815745e+00
  -1.4093745e+00
  -1.5137745e+00
  -1.4485745e+00
  -1.5694745e+00
  -1.6281745e+00
  -1.5854745e+00
  -1.3941745e+00
  -1.0938745e+00
  -9.6097453e-01
  -1.0441745e+00
  -1.2305745e+00
  -9.1697453e-01
  -8.8617453e-01
  -6.6977453e-01
  -5.6177453e-01
  -8.0787453e-01
  -6.4097453e-01
  -8.3917453e-01
  -8.2407453e-01
  -9.1077453e-01
  -7.1817453e-01
  -8.9327453e-01
  -8.4367453e-01
  -9.1887453e-01
  -1.1546745e+00
  -9.6897453e-01
  -1.0376745e+00
  -5.0307453e-01
  -4.1777453e-01
  -8.3987453e-01
  -1.0086745e+00
  -1.1133745e+00
  -1.1970745e+00
  -1.1775745e+00
  -1.1641745e+00
  -1.2706745e+00
  -1.3063745e+00
  -1.4618745e+00
  -1.6691745e+00
  -1.9352745e+00
  -1.7085745e+00
  -2.2261745e+00
  -1.8420745e+00
  -2.1687745e+00
  -1.9893745e+00
  -1.8685745e+00
  -2.5022745e+00
  -2.1956745e+00
  -2.1178745e+00
  -1.6641745e+00
  -2.2985745e+00
  -2.1669745e+00
  -2.5952745e+00
  -2.4074745e+00
  -2.5135745e+00
  -3.0829745e+00
  -3.1055745e+00
  -3.4899745e+00
  -3.5072745e+00
  -3.4212745e+00
  -3.5645745e+00
  -3.7723745e+00
  -3.2870745e+00
  -3.4929745e+00
  -3.4340745e+00
  -3.5381745e+00
  -3.5015745e+00
  -3.4215745e+00
  -3.3263745e+00
  -3.5164745e+00
  -3.3814745e+00
  -3.1919745e+00
  -3.5040745e+00
  -3.2078745e+00
  -3.3462745e+00
  -3.1980745e+00
  -3.4154745e+00
  -3.7968745e+00
  -3.4578745e+00
  -3.2346745e+00
  -3.0280745e+00
  -2.8669745e+00
  -2.6692745e+00
  -2.4191745e+00
  -2.3441745e+00
  -2.3502745e+00
  -1.9571745e+00
  -1.7683745e+00
  -2.0019745e+00
  -2.1154745e+00
  -1.3314745e+00
  -1.5564745e+00
  -2.1097745e+00
  -1.7300745e+00
  -2.0489745e+00
  -1.8633745e+00
  -1.9798745e+00
  -2.2072745e+00
  -2.4392745e+00
  -2.2839745e+00
  -2.6894745e+00
  -2.6943745e+00
  -2.3992745e+00
  -2.4842745e+00
  -2.6649745e+00
  -2.3663745e+00
  -2.4401745e+00
  -2.6651745e+00
  -2.2551745e+00
  -2.6717745e+00
  -2.4252745e+00
  -2.7646745e+00
  -3.0918745e+00
  -3.1784745e+00
  -2.9661745e+00
  -3.1586745e+00
  -2.6028745e+00
  -2.8394745e+00
  -2.9787745e+00
  -2.8586745e+00
  -2.7585745e+00
  -2.3501745e+00
  -2.4305745e+00
  -2.4799745e+00
  -2.5624745e+00
  -2.2115745e+00
  -2.1989745e+00
  -1.9555745e+00
  -2.2525745e+00
  -2.3827745e+00
  -2.5792745e+00
  -2.7548745e+00
  -2.3036745e+00
  -2.6746745e+00
  -2.5813745e+00
  -2.0804745e+00
  -2.5471745e+00
  -2.4065745e+00
  -2.1661745e+00
  -2.0934745e+00
  -2.3554745e+00
  -2.1672745e+00
  -2.0107745e+00
  -1.9405745e+00
  -2.3044745e+00
  -2.3257745e+00
  -2.4014745e+00
  -2.7326745e+00
  -2.5813745e+00
  -3.0083745e+00
  -2.4692745e+00
  -3.1271745e+00
  -2.9250745e+00
  -3.2580745e+00
  -3.1968745e+00
  -3.2142745e+00
  -3.2556745e+00
  -3.0888745e+00
  -3.5541745e+00
  -3.2117745e+00
  -3.2290745e+00
  -2.8310745e+00
  -3.2346745e+00
  -3.4578745e+00
  -3.4094745e+00
  -2.9719745e+00
  -3.4686745e+00
  -3.4366745e+00
  -3.6225745e+00
  -3.4837745e+00
  -3.8976745e+00
  -3.5889745e+00
  -3.5565745e+00
  -3.2968745e+00
  -3.4658745e+00
  -3.3032745e+00
  -3.1835745e+00
  -3.3871745e+00
  -3.4308745e+00
  -3.2447745e+00
  -2.9424745e+00
  -2.8013745e+00
  -3.0720745e+00
  -3.0790745e+00
  -2.8136745e+00
  -2.7148745e+00
  -2.6324745e+00
  -3.1982745e+00
  -2.8004745e+00
  -3.5598745e+00
  -2.9295745e+00
  -2.8380745e+00
  -2.8153745e+00
  -2.5378745e+00
  -2.7971745e+00
  -2.3806745e+00
  -2.4951745e+00
  -2.6480745e+00
  -2.5391745e+00
  -2.5397745e+00
  -2.1674745e+00
  -2.5010745e+00
  -2.4397745e+00
  -2.7543745e+00
  -3.4813745e+00
  -3.6443745e+00
  -3.1840745e+00
  -3.2209745e+00
  -3.2715745e+00
  -2.8355745e+00
  -3.1687745e+00
  -3.2812745e+00
  -3.0490745e+00
  -3.1446745e+00
  -3.0175745e+00
  -2.6163745e+00
  -2.7978745e+00
  -2.9819745e+00
  -3.2057745e+00
  -2.6348745e+00
  -2.7826745e+00
  -3.1719745e+00
  -2.9345745e+00
  -3.2977745e+00
  -3.2875745e+00
  -3.5249745e+00
  -3.2807745e+00
  -3.6034745e+00
  -3.5563745e+00
  -3.3902745e+00
  -3.5549745e+00
  -3.3894745e+00
  -3.3403745e+00
  -3.1917745e+00
  -2.7265745e+00
  -2.9787745e+00
  -2.9779745e+00
  -3.1100745e+00
  -3.3765745e+00
  -3.2877745e+00
  -3.3181745e+00
  -3.3381745e+00
  -3.3596745e+00
  -3.3092745e+00
  -3.5094745e+00
  -3.2517745e+00
  -3.5846745e+00
  -3.6161745e+00
  -2.9732745e+00
  -3.2483745e+00
  -2.9513745e+00
  -3.1725745e+00
  -2.6328745e+00
  -2.7078745e+00
  -2.7299745e+00
  -2.7976745e+00
  -2.7473745e+00
  -2.7821745e+00
  -2.4924745e+00
  -2.6603745e+00
  -3.0000745e+00
  -2.9749745e+00
  -3.6029745e+00
  -3.2957745e+00
  -3.5980745e+00
  -2.9312745e+00
  -3.3884745e+00
  -2.9283745e+00
  -3.0888745e+00
  -2.9064745e+00
  -1.9286745e+00
  -2.5693745e+00
  -3.0028745e+00
  -3.0296745e+00
  -2.9628745e+00
  -3.3589745e+00
  -3.3715745e+00
  -3.5669745e+00
  -4.1564745e+00
  -3.5142745e+00
  -3.9177745e+00
  -3.8557745e+00
  -3.9142745e+00
  -3.7866745e+00
  -3.7221745e+00
  -3.8620745e+00
  -4.0893745e+00
  -4.3948745e+00
  -3.9900745e+00
  -3.9499745e+00
  -4.1393745e+00
  -3.9632745e+00
  -3.9601745e+00
  -3.9346745e+00
  -3.9789745e+00
  -4.5936745e+00
  -4.2672745e+00
  -4.8076745e+00
  -4.5927745e+00
  -4.7984745e+00
  -5.5399745e+00
  -5.9297745e+00
  -6.6950745e+00
  -7.4403745e+00
  -7.6729745e+00
  -7.3935745e+00
  -6.7863745e+00
  -6.0059745e+00
  -5.9339745e+00
  -5.5085745e+00
  -5.9141745e+00
  -5.6820745e+00
  -5.9079745e+00
  -6.1958745e+00
  -6.9877745e+00
  -3.3897745e+00
  -9.2807453e-01
  -4.2363745e+00
  -4.1668745e+00
  -3.5032745e+00
  -3.7679745e+00
  -3.8999745e+00
  -3.5772745e+00
  -3.5813745e+00
  -3.4456745e+00
  -3.7826745e+00
  -3.8238745e+00
  -3.3500745e+00
  -3.5261745e+00
  -3.4037745e+00
  -3.7208745e+00
  -3.7597745e+00
  -4.2683745e+00
  -6.5089745e+00
  -6.9647745e+00
  -7.3173745e+00
  -7.3229745e+00
  -7.4503745e+00
  -7.8021745e+00
  -7.5125745e+00
  -7.6946745e+00
  -7.6064745e+00
  -6.8762745e+00
  -6.0779745e+00
  -5.7469745e+00
  -5.3990745e+00
  -5.3443745e+00
  -5.1201745e+00
  -5.4030745e+00
  -5.2660745e+00
  -6.2338745e+00
  -7.2078745e+00
  -8.1723745e+00
  -8.0569745e+00
  -7.6263745e+00
  -7.5255745e+00
  -6.8311745e+00
  -7.1604745e+00
  -7.2135745e+00
  -6.3808745e+00
  -6.5755745e+00
  -6.3475745e+00
  -6.2557745e+00
  -5.7929745e+00
  -6.2820745e+00
  -6.1643745e+00
  -6.1590745e+00
  -5.9121745e+00
  -6.0294745e+00
  -5.9620745e+00
  -6.3320745e+00
  -6.0185745e+00
  -6.4450745e+00
  -6.1136745e+00
  -6.5104745e+00
  -6.4327745e+00
  -6.5385745e+00
  -6.4948745e+00
  -6.2183745e+00
  -6.3270745e+00
  -6.1978745e+00
  -6.0578745e+00
  -6.0990745e+00
  -5.9559745e+00
  -5.7221745e+00
  -5.9488745e+00
  -5.5840745e+00
  -5.2974745e+00
  -4.5570745e+00
  -4.7117745e+00
  -5.1012745e+00
  -5.3935745e+00
  -5.4973745e+00
  -5.3222745e+00
  -5.4159745e+00
  -5.5904745e+00
  -5.6447745e+00
  -6.0450745e+00
  -5.4601745e+00
  -5.3359745e+00
  -5.0955745e+00
  -5.1409745e+00
  -5.5363745e+00
  -5.2243745e+00
  -5.3627745e+00
  -4.9026745e+00
  -4.9898745e+00
  -5.2991745e+00
  -5.1441745e+00
  -5.2300745e+00
  -5.5133745e+00
  -5.5679745e+00
  -5.9708745e+00
  -6.1005745e+00
  -6.1737745e+00
  -6.0225745e+00
  -6.3975745e+00
  -6.3285745e+00
  -6.2787745e+00
  -6.1385745e+00
  -5.8526745e+00
  -5.6616745e+00
  -5.8962745e+00
  -5.6783745e+00
  -6.0054745e+00
  -5.7011745e+00
  -5.8765745e+00
  -5.7045745e+00
  -6.0805745e+00
  -5.7656745e+00
  -6.0181745e+00
  -6.1221745e+00
  -6.3867745e+00
  -5.6638745e+00
  -6.3201745e+00
  -6.2906745e+00
  -6.2427745e+00
  -5.8049745e+00
  -5.6792745e+00
  -5.6324745e+00
  -5.3002745e+00
  -5.5751745e+00
  -5.3604745e+00
  -5.3435745e+00
  -5.5095745e+00
  -5.0373745e+00
  -5.2235745e+00
  -5.4641745e+00
  -5.1812745e+00
  -5.1866745e+00
  -5.2425745e+00
  -5.0125745e+00
  -5.2986745e+00
  -5.0074745e+00
  -5.4816745e+00
  -5.2159745e+00
  -5.0023745e+00
  -4.9910745e+00
  -5.1745745e+00
  -4.8519745e+00
  -4.9651745e+00
  -5.0155745e+00
  -4.6804745e+00
  -4.8878745e+00
  -5.0476745e+00
  -5.0351745e+00
  -5.1707745e+00
  -6.1860745e+00
  -5.8638745e+00
  -6.6851745e+00
  -6.9258745e+00
  -6.5720745e+00
  -6.3594745e+00
  -6.2245745e+00
  -6.1081745e+00
  -6.4578745e+00
  -6.3983745e+00
  -6.2534745e+00
  -6.5435745e+00
  -6.5176745e+00
  -6.4167745e+00
  -6.2249745e+00
  -6.4549745e+00
  -6.4173745e+00
  -6.2954745e+00
  -6.5483745e+00
  -7.0229745e+00
  -7.1502745e+00
  -7.2318745e+00
  -7.5718745e+00
  -7.5742745e+00
  -7.2795745e+00
  -6.8843745e+00
  -6.7268745e+00
  -6.7818745e+00
  -6.6380745e+00
  -6.4272745e+00
  -6.9370745e+00
  -6.7660745e+00
  -6.6963745e+00
  -6.5977745e+00
  -6.5741745e+00
  -6.9610745e+00
  -6.7625745e+00
  -7.1816745e+00
  -7.0688745e+00
  -6.9175745e+00
  -6.9302745e+00
  -7.3038745e+00
  -6.9281745e+00
  -7.1269745e+00
  -6.8462745e+00
  -6.7429745e+00
  -6.9506745e+00
  -6.9318745e+00
  -6.6393745e+00
  -6.8729745e+00
  -6.3377745e+00
  -6.6552745e+00
  -6.7448745e+00
  -6.8618745e+00
  -6.6708745e+00
  -6.4258745e+00
  -6.6717745e+00
  -6.6100745e+00
  -6.7078745e+00
  -6.3427745e+00
  -6.5207745e+00
  -6.7781745e+00
  -6.8698745e+00
  -6.9498745e+00
  -6.8954745e+00
  -6.3123745e+00
  -6.5134745e+00
  -6.7603745e+00
  -6.5412745e+00
  -6.5277745e+00
  -6.5661745e+00
  -6.7953745e+00
  -6.4261745e+00
  -6.4635745e+00
  -6.9657745e+00
  -7.1002745e+00
  -7.1371745e+00
  -7.1361745e+00
  -6.9398745e+00
  -6.8889745e+00
  -7.8076745e+00
  -6.9731745e+00
  -7.2783745e+00
  -7.2862745e+00
  -7.2760745e+00
  -7.2763745e+00
  -6.7935745e+00
  -6.8713745e+00
  -7.0131745e+00
  -7.2975745e+00
  -6.9984745e+00
  -7.2811745e+00
  -6.9116745e+00
  -7.5589745e+00
  -7.5617745e+00
  -7.6042745e+00
  -7.8917745e+00
  -7.8261745e+00
  -7.9502745e+00
  -8.1504745e+00
  -7.6612745e+00
  -7.8563745e+00
  -7.9654745e+00
  -7.3165745e+00
  -7.7407745e+00
  -7.6047745e+00
  -7.6948745e+00
  -7.6948745e+00
  -7.2765745e+00
  -6.7666745e+00
  -6.9998745e+00
  -7.5359745e+00
  -7.9078745e+00
  -7.7810745e+00
  -7.8043745e+00
  -7.7527745e+00
  -7.4996745e+00
  -7.6777745e+00
  -7.4899745e+00
  -7.5369745e+00
  -7.4783745e+00
  -7.3059745e+00
  -7.1953745e+00
  -7.1735745e+00
  -7.3493745e+00
  -6.5707745e+00
  -6.9892745e+00
  -6.7742745e+00
  -6.9337745e+00
  -6.8393745e+00
  -7.2956745e+00
  -7.4277745e+00
  -7.7059745e+00
  -7.9364745e+00
  -7.7060745e+00
  -7.8320745e+00
  -7.6934745e+00
  -8.4012745e+00
  -8.3653745e+00
  -7.5729745e+00
  -7.2360745e+00
  -6.9721745e+00
  -7.0929745e+00
  -6.9212745e+00
  -7.2159745e+00
  -7.0311745e+00
  -7.1006745e+00
  -7.3579745e+00
  -7.2195745e+00
  -7.7019745e+00
  -7.6777745e+00
  -7.6350745e+00
  -8.3132745e+00
  -8.0658745e+00
  -8.1943745e+00
  -8.3938745e+00
  -8.0328745e+00
  -7.8469745e+00
  -8.0349745e+00
  -7.8065745e+00
  -7.6711745e+00
  -7.5507745e+00
  -7.1465745e+00
  -7.5326745e+00
  -7.3929745e+00
  -7.5880745e+00
  -7.2213745e+00
  -7.6772745e+00
  -7.6257745e+00
  -7.9711745e+00
  -7.8870745e+00
  -7.6697745e+00
  -7.5897745e+00
  -7.6931745e+00
  -7.5065745e+00
  -7.4467745e+00
  -7.4174745e+00
  -7.7370745e+00
  -7.0508745e+00
  -7.4111745e+00
  -7.1140745e+00
  -7.0975745e+00
  -7.0747745e+00
  -7.2716745e+00
  -7.0495745e+00
  -7.5122745e+00
  -6.8578745e+00
  -7.7015745e+00
  -6.5973745e+00
  -5.8388745e+00
  -6.4380745e+00
  -5.3871745e+00
  -6.0706745e+00
  -5.8915745e+00
  -6.3340745e+00
  -6.3041745e+00
  -6.5036745e+00
  -6.4211745e+00
  -6.4421745e+00
  -6.2337745e+00
  -6.3860745e+00
  -6.4265745e+00
  -6.3098745e+00
  -6.4109745e+00
  -6.0547745e+00
  -6.5019745e+00
  -6.8911745e+00
  -6.9904745e+00
  -7.0477745e+00
  -7.0696745e+00
  -7.2662745e+00
  -8.8207745e+00
  -7.6905745e+00
  -6.8977745e+00
  -6.6235745e+00
  -6.6671745e+00
  -6.9475745e+00
  -7.0474745e+00
  -6.6515745e+00
  -6.5092745e+00
  -6.6184745e+00
  -6.6382745e+00
  -6.7423745e+00
  -6.6122745e+00
  -6.6666745e+00
  -6.5814745e+00
  -5.9101745e+00
  -6.2143745e+00
  -6.5094745e+00
  -6.2745745e+00
  -6.4394745e+00
  -6.4907745e+00
  -6.5866745e+00
  -6.4167745e+00
  -5.8689745e+00
  -5.7021745e+00
  -5.6042745e+00
  -5.5539745e+00
  -5.3352745e+00
  -5.7294745e+00
  -5.9226745e+00
  -5.7413745e+00
  -5.9610745e+00
  -5.5763745e+00
  -5.7308745e+00
  -5.8952745e+00
  -6.3420745e+00
  -6.6634745e+00
  -6.4170745e+00
  -6.8496745e+00
  -6.5786745e+00
  -6.8526745e+00
  -6.9522745e+00
  -6.4768745e+00
  -6.6286745e+00
  -6.7024745e+00
  -6.5966745e+00
  -6.7210745e+00
  -6.1904745e+00
  -6.4752745e+00
  -6.6848745e+00
  -6.2216745e+00
  -6.7030745e+00
  -6.7981745e+00
  -6.5630745e+00
  -7.1037745e+00
  -7.5482745e+00
  -7.6247745e+00
  -7.6065745e+00
  -7.8758745e+00
  -7.7019745e+00
  -7.5260745e+00
  -7.4716745e+00
  -7.5428745e+00
  -7.9887745e+00
  -7.8135745e+00
  -7.4961745e+00
  -7.7201745e+00
  -7.4098745e+00
  -7.7380745e+00
  -7.5375745e+00
  -7.6237745e+00
  -7.5752745e+00
  -7.7941745e+00
  -7.8877745e+00
  -7.9675745e+00
  -8.0343745e+00
  -7.6649745e+00
  -7.9017745e+00
  -8.1024745e+00
  -7.4712745e+00
  -7.3902745e+00
  -7.0094745e+00
  -7.4774745e+00
  -7.1068745e+00
  -7.1359745e+00
  -7.0551745e+00
  -6.6979745e+00
  -6.5377745e+00
  -6.8017745e+00
  -6.5834745e+00
  -6.6949745e+00
  -6.4497745e+00
  -5.8562745e+00
  -6.2959745e+00
  -6.8149745e+00
  -7.4314745e+00
  -7.4355745e+00
  -6.7820745e+00
  -6.5974745e+00
  -6.7621745e+00
  -6.6502745e+00
  -6.7085745e+00
  -6.6062745e+00
  -6.8785745e+00
  -6.4263745e+00
  -6.4433745e+00
  -6.2305745e+00
  -6.4369745e+00
  -7.0359745e+00
  -7.1715745e+00
  -7.0077745e+00
  -7.0224745e+00
  -7.1750745e+00
  -7.2438745e+00
  -7.5399745e+00
  -7.4733745e+00
  -7.2349745e+00
  -7.2249745e+00
  -7.1335745e+00
  -7.4536745e+00
  -7.8962745e+00
  -7.4133745e+00
  -7.2347745e+00
  -7.3883745e+00
  -7.5962745e+00
  -7.2429745e+00
  -7.4613745e+00
  -7.9858745e+00
  -7.9364745e+00
  -8.0841745e+00
  -8.4328745e+00
  -8.8251745e+00
  -7.4613745e+00
  -6.8687745e+00
  -7.4181745e+00
  -7.4150745e+00
  -7.3444745e+00
  -7.7934745e+00
  -8.2715745e+00
  -7.9594745e+00
  -8.0351745e+00
  -8.4955745e+00
  -7.9118745e+00
  -4.2443745e+00
  -4.0148745e+00
  -2.6434745e+00
  -4.4299745e+00
  -8.2687453e-01
  -2.1498745e+00
  -3.0317745e+00
  -1.2593745e+00
  -1.7191745e+00
  -2.4424745e+00
  -3.5319745e+00
  -4.5060745e+00
  -2.0147745e+00
  -1.5539745e+00
  -2.5512745e+00
  -3.1985745e+00
  -2.9903745e+00
  -1.8651745e+00
   3.4791255e+00
